116493,0,3716,幸福之初,11384,播放
暂时没有歌词 
